376.43
132.64
381.14
129.47
382.52
122.29
382.88
181.30
172.43
242.52
147.53
117.38
207.88
354.82
213.47
377.85
361.96
300.64
367.34
351.57
280.60
111.99
171.68
203.87
362.85
177.09
184.23
221.39
161.33
360.47
255.89
267.10
264.59
164.16
212.70
217.37
276.02
117.47
347.85
269.99
114.90
173.17
217.80
305.43
109.55
114.37
373.07
157.79
304.71
239.43
355.53
323.44
142.12
360.58
322.15
285.24
369.84
258.49
110.23
361.24
112.67
220.52
233.16
153.21
364.02
314.34
247.50
355.49
373.54
373.21
239.61
292.81
117.51
380.68
217.25
338.37
129.22
279.65
271.22
201.60
219.94
216.54
217.19
132.38
295.84
367.38
163.15
230.74
152.70
240.71
169.88
245.71
335.87
152.20
260.80
301.65
287.87
185.91
311.90
265.58
758.05
1105.37
800.40
1354.69
1115.53
637.62
965.59
1185.81
781.24
979.44
694.11
1056.94
1191.49
1192.93
1259.92
995.68
807.93
689.25
953.11
707.42
1317.05
1221.04
798.01
1177.81
707.00
1231.64
736.34
771.85
619.99
800.98
1037.56
907.45
1063.62
848.28
998.01
724.26
822.44
1142.40
1019.34
843.37
742.76
867.75
1033.27
795.65
947.70
1117.83
1236.96
1167.00
859.58
1029.57
858.14
1144.18
950.22
1112.26
875.80
796.26
1186.01
905.06
750.32
682.05
1021.36
617.35
1074.24
819.76
1055.88
1170.46
708.35
709.62
1326.75
518.29
691.84
883.75
818.72
831.72
888.24
1186.78
1184.39
728.95
667.86
676.04
1150.38
919.82
821.19
1340.71
972.42
749.94
734.10
863.91
752.64
1111.25
1114.05
1049.08
883.16
627.39
577.78
1061.38
941.74
652.40
669.08
879.07
2000.02
1473.66
1763.63
1159.34
1267.17
2074.30
1432.02
1075.74
1257.10
1699.08
1431.60
1371.10
1412.20
1349.68
1874.51
1692.30
1541.11
1319.36
1610.28
1486.29
1323.24
1607.65
2156.09
1873.78
1719.51
1115.12
1344.81
1762.79
1300.62
1827.36
880.65
1454.38
1457.91
1598.84
1097.86
1923.02
1423.64
1509.80
1632.82
1366.87
1362.77
1257.86
1092.02
1452.24
1638.83
1671.66
1733.22
2140.62
1536.56
1754.98
1528.22
1526.59
1770.84
1490.41
1987.92
1202.32
1282.80
992.29
1553.70
1395.98
1434.43
1762.21
1869.29
1570.94
1608.06
1818.11
1708.54
1329.28
1621.90
1903.80
1593.47
1753.90
1371.32
1185.39
987.59
1202.07
1877.94
1322.14
1459.12
1285.10
1866.84
1228.61
1534.80
2002.98
1451.90
1628.23
1992.69
1160.48
1871.11
1252.58
1666.59
1678.64
1863.09
2054.61
1378.05
1261.49
1275.06
2272.87
1592.39
1800.01
1255.42
1010.66
1096.02
869.46
1035.39
804.83
791.99
1171.26
1098.49
1322.47
947.72
1017.67
970.87
973.34
938.43
866.51
979.08
655.50
911.76
838.94
1285.37
837.64
792.83
1121.49
1190.78
938.81
1272.37
1264.85
855.41
936.36
530.81
647.42
727.95
1559.32
1085.31
793.62
742.65
618.82
956.41
1017.27
646.08
850.62
1073.92
1324.10
913.22
930.88
1127.93
610.27
847.67
1184.35
1438.71
1020.15
728.06
1181.39
665.47
713.03
1089.64
1175.71
628.43
643.31
732.00
897.22
1495.78
1125.14
569.87
1280.80
1308.78
851.48
682.63
954.01
1032.15
871.15
1186.38
1045.67
1139.74
1014.37
1100.65
651.43
776.61
1229.44
747.44
988.03
1078.76
603.24
1131.55
848.57
1555.40
492.63
827.72
1121.75
726.68
964.04
782.12
1047.62
1451.00
1062.29
1122.37
904.42
1090.42
1315.19
1285.79
670.49
1140.61
1186.02
799.32
517.79
1151.63
935.80
704.15
1252.25
733.45
952.40
1087.81
945.62
962.62
690.10
1455.75
517.08
1323.54
471.98
1104.29
517.46
829.05
910.92
793.99
831.16
1234.71
707.36
488.54
1369.03
508.51
782.64
1051.53
981.86
624.71
1498.12
879.89
887.48
1044.15
891.10
1023.26
1209.17
626.99
463.99
668.60
1233.68
528.90
809.91
1350.43
631.91
385.83
335.55
461.20
473.08
958.11
667.27
877.07
867.82
390.69
436.96
940.63
923.99
784.51
736.40
1162.37
555.54
977.60
945.35
994.48
320.43
764.56
801.52
983.31
846.76
788.71
1041.20
926.52
1122.89
1041.70
383.71
646.47
737.34
331.05
353.40
957.60
751.41
1167.10
879.01
715.48
1195.22
384.56
520.18
534.08
876.14
512.31
331.04
911.58
764.76
988.00
902.11
878.69
857.32
672.04
295.08
887.31
290.22
1042.63
624.05
851.52
555.18
789.56
694.82
652.68
370.90
311.64
821.82
797.49
1095.19
812.30
404.01
1033.57
917.30
1055.91
374.45
428.56
364.28
632.77
478.37
1050.08
355.48
661.83
891.76
677.58
717.05
415.67
479.68
1201.93
354.60
992.37
621.30
692.85
854.11
732.29
279.47
394.72
365.05
1001.84
1051.20
388.29
1018.62
1000.76
848.26
945.77
1228.49
823.57
576.13
912.38
843.62
1009.01
921.83
976.03
919.82
1102.83
824.42
945.02
982.56
661.04
621.40
1066.39
1196.48
658.09
702.78
824.12
1319.36
942.12
989.10
1125.61
911.56
1121.89
716.94
874.54
869.06
636.43
687.80
1037.10
1005.11
1207.08
1050.57
772.19
1182.20
1181.03
1131.98
1076.94
1241.25
1021.04
986.55
935.56
1160.88
701.67
817.63
1148.37
771.16
1305.05
886.97
610.39
933.14
815.73
688.06
685.50
1012.54
923.02
1075.41
762.66
1228.35
926.98
892.92
761.01
866.72
1078.38
753.76
1300.96
552.44
862.06
578.13
1103.57
883.44
1260.62
749.04
1315.56
713.58
731.54
773.29
943.20
1017.29
1076.65
808.04
1097.87
899.48
946.06
1147.15
588.31
953.49
777.00
1092.13
1145.53
771.54
736.32
1122.89
950.23
742.02
1563.75
1617.66
1837.71
1681.88
1704.03
1966.80
1762.40
1861.54
1672.37
1796.76
1861.84
1795.97
1678.01
1876.87
1907.18
1859.07
1781.51
1764.71
1719.12
1865.51
1768.38
1658.06
1586.66
1766.21
1763.60
1767.32
1586.60
1790.26
1517.48
1737.73
1854.63
1710.11
1793.70
1842.71
1693.45
1871.90
1539.44
1898.24
2069.60
1519.08
1626.96
1895.46
1803.10
1603.59
1643.95
1970.66
1676.29
1871.02
1950.77
1846.61
1585.60
1823.01
1624.85
1679.08
1942.03
1859.88
1738.68
1692.59
1671.35
1624.17
1761.35
1708.98
1744.77
1771.80
1778.49
1916.06
1824.56
1651.85
2007.76
1550.52
1924.62
1604.51
1684.96
1863.31
1924.18
1822.31
1583.74
1693.07
1872.02
1647.86
1867.75
1495.00
1708.43
2040.70
1601.11
1575.47
1894.71
1500.93
1632.94
1717.94
1577.47
1720.67
1908.19
1679.64
1804.87
1740.51
1932.71
1657.34
1532.04
1796.11
1463.82
723.99
1199.04
2124.17
908.78
815.28
1277.93
1363.90
650.39
1601.34
2157.59
1536.76
1896.06
1778.45
1438.91
2052.88
1638.38
1763.12
2136.77
1862.65
982.68
2017.01
1711.30
1818.72
1534.98
1267.28
1235.27
992.43
1952.37
1452.57
2094.74
1303.51
1813.71
468.51
1324.42
2118.77
923.78
1876.81
1467.10
444.41
1958.82
1796.42
1416.93
649.67
1143.01
1707.08
2214.54
794.24
1784.85
1629.55
1520.38
1039.48
1597.64
1922.95
1541.78
1333.03
1355.71
1847.34
869.63
2317.82
1397.60
1383.81
330.10
157.93
1338.15
709.96
1273.30
2266.54
1484.66
1077.91
1711.61
1339.99
1109.64
501.28
1178.17
1411.29
1442.65
1463.41
654.74
1379.37
1576.37
1268.52
1111.25
1518.96
347.19
1757.93
1064.58
1659.03
970.17
2112.49
2001.53
954.24
1558.14
1189.56
1287.33
1568.43
2110.00
700.71
523.60
917.21
1626.36
1800.66
1734.26
2018.96
2036.92
1873.68
1904.16
1632.09
1273.23
1797.06
1735.25
730.55
1465.69
1138.39
1353.63
1420.67
1691.47
1242.25
1377.54
1595.41
999.06
1575.58
1483.68
1139.10
652.63
1821.95
1502.64
1437.03
1349.07
1839.41
571.28
1186.01
867.95
465.83
484.71
1094.77
1038.64
577.47
1954.11
641.66
723.36
819.02
833.06
1834.96
1073.16
2163.35
2026.93
1144.87
797.98
1648.05
1388.21
1479.31
1898.80
2017.77
1331.43
679.21
1220.99
667.73
1238.15
1740.48
2067.89
1158.58
373.07
939.90
1550.89
1429.40
1100.03
1302.23
1441.12
1881.41
1855.41
2317.32
927.72
1988.99
842.37
955.90
1656.22
2377.23
1610.32
1828.26
1215.61
2259.00
1890.70
1564.95
1759.20
1427.89
545.11
551.98
829.07
1646.21
2061.18
1826.34
1222.19
1020.11
1063.39
1237.32
1675.89
1772.97
742.04
1627.35
1337.01
896.51
2133.15
1224.80
1066.98
1755.24
1466.10
1817.34
1326.65
2062.31
1313.22
1681.41
1914.70
1394.67
1952.81
2046.52
1985.57
2202.59
1614.17
1271.97
780.40
2168.61
1811.46
1948.27
811.48
1594.46
1018.05
488.54
1174.55
1832.60
770.34
1380.77
1527.32
1749.94
2052.71
1328.27
1823.31
2054.80
2117.86
1830.17
1471.40
1316.13
1830.10
1151.33
2051.03
1684.81
734.95
1675.76
2014.07
1989.99
660.27
670.54
2147.57
1692.72
1675.98
2339.94
1206.75
2423.32
1357.63
2314.51
1628.99
1964.97
883.75
1418.33
1829.71
1500.23
997.73
1521.39
1462.21
1870.86
1415.78
1293.15
1230.34
2056.41
1048.94
1579.23
1862.53
2158.76
1844.94
980.22
639.33
1036.03
532.48
1198.90
1542.67
901.15
1557.57
1037.36
1252.18
1472.99
1304.50
722.30
2070.75
1380.12
1039.43
1358.10
760.70
1700.14
1030.26
1542.71
1070.03
1766.41
833.60
2369.69
1349.37
1537.03
1800.33
1666.41
1213.52
2031.90
1909.12
1385.18
1491.62
1415.57
1597.78
930.53
1625.26
1694.38
1922.63
1243.42
1095.19
1698.82
833.37
1370.22
926.14
1460.74
1249.24
1644.51
1749.36
1030.13
1463.43
1692.52
1550.12
1455.47
1269.25
380.40
1172.66
1985.67
1851.65
911.97
2113.88
966.98
1238.71
1582.05
1292.90
1589.19
468.76
1348.13
2071.76
1799.27
1091.68
1036.86
1885.41
1122.67
1949.93
2052.44
1538.60
1147.40
1107.39
1971.14
1810.09
1716.76
1808.75
1824.30
1553.43
1470.54
1701.41
886.62
1992.20
1493.99
1221.51
1374.10
2364.43
765.19
1532.00
1221.17
2034.71
1761.88
1422.30
1313.69
1163.60
2150.52
1559.29
1144.55
786.30
860.45
1157.79
1214.30
1747.52
1798.17
1264.44
1176.13
1606.76
899.49
1330.14
1176.97
1612.87
1911.75
1910.02
687.31
1427.40
1482.32
260.91
2230.25
1336.49
1414.27
1650.32
1549.59
1897.81
901.37
703.24
1446.78
782.58
1902.41
1601.28
1890.55
515.89
1304.56
1368.71
1414.00
1537.31
1526.37
1504.53
1903.83
1383.03
1521.20
1602.84
1349.70
2097.30
1999.97
918.39
1775.02
648.48
1500.86
1894.71
1720.74
799.77
1220.80
1475.89
1370.09
1865.08
1324.10
1450.77
1618.02
1841.14
2098.97
1934.10
1412.46
1567.52
1386.65
1502.36
1323.12
1484.10
1434.22
688.63
551.09
1636.80
1015.11
2134.92
1063.82
1928.09
410.24
1804.03
1404.57
1972.01
1869.57
468.12
1303.14
1872.14
610.52
1361.80
1555.17
1202.02
1823.79
1204.50
2127.69
798.99
1416.50
852.82
1434.98
1035.81
1404.56
1341.93
1541.96
1590.59
490.64
1470.84
765.53
1527.86
1305.66
440.43
1550.58
548.09
1003.59
1224.62
1617.33
1852.71
2235.84
1869.12
1234.18
2027.73
1872.86
1093.73
887.84
668.01
1174.10
1762.95
1219.47
1800.34
1900.60
1747.22
788.02
1616.70
1507.95
1497.29
1573.27
2002.87
1261.51
1465.53
799.27
1414.68
845.48
1109.33
1632.90
869.21
1825.19
1876.98
1053.77
1160.37
1446.88
780.56
1730.34
1123.91
1006.39
1626.09
969.13
2045.43
794.56
505.13
1558.14
1084.88
2207.55
1622.03
1828.65
1102.04
1736.31
1557.85
1563.88
924.65
1133.82
1875.78
1333.48
1723.40
968.08
1754.76
2209.53
2430.52
1905.74
749.38
598.28
1504.43
1091.81
1255.89
1403.15
1990.71
1455.16
810.60
1282.17
1633.92
1200.36
1447.70
1029.74
1203.85
1513.05
1016.17
1283.91
984.58
1290.30
1191.42
770.86
1669.03
1406.50
1459.15
1590.30
1044.66
1219.07
1828.10
768.88
1419.85
598.39
579.87
851.19
932.15
1276.89
961.52
1834.81
1500.91
1558.55
790.04
1692.02
1452.89
1364.81
735.97
1521.49
2393.59
1997.55
1419.22
1580.84
608.80
1698.37
1313.48
1337.24
1041.32
1762.00
1690.91
1531.63
1102.96
1232.38
1029.74
2062.05
2137.95
2319.13
1170.85
1522.37
1729.64
1408.91
1550.95
720.57
1925.28
1038.59
1745.22
1325.30
1430.03
1777.31
1517.00
1249.54
1968.22
1300.52
1639.19
967.45
1288.72
2229.64
1588.27
1653.55
2202.18
1381.41
1243.10
1957.69
1242.37
1579.73
1219.09
1480.07
1587.22
1839.72
1008.87
730.13
1713.98
1137.83
1566.71
448.39
1172.35
1123.98
970.84
1862.77
954.12
1789.70
1643.14
2012.12
1226.91
1992.79
1742.85
1388.48
1356.37
1871.85
1145.29
1657.78
1645.85
1697.92
425.47
1434.94
1438.69
1081.74
1161.19
1791.54
1377.69
758.08
1605.13
1182.80
1414.95
1803.06
720.51
1948.75
1209.90
2148.37
994.91
1758.85
1328.09
2319.73
1156.65
1210.82
1902.23
1716.56
1160.82
605.05
1224.00
2123.27
1666.32
1849.14
1128.32
405.49
1613.95
1049.78
820.48
1299.47
2042.28
744.58
1307.57
1598.68
1479.66
733.13
1552.58
1042.02
1258.42
1461.49
1295.98
945.00
1233.13
1267.79
1725.86
1784.09
2286.91
1347.62
1010.17
1006.05
1376.28
1779.42
1537.25
1484.68
1556.59
698.97
1913.29
1470.75
822.72
1265.32
1994.11
1761.97
1862.13
1314.52
1602.12
896.95
1379.39
1965.15
550.53
1985.01
1492.96
1763.85
671.77
634.68
1344.73
1343.15
2229.33
1018.90
2427.44
1312.47
980.64
1719.52
764.30
1221.63
2306.00
1703.19
827.04
721.44
806.84
962.03
898.55
1254.76
1596.67
1201.66
1567.85
624.08
756.50
471.34
1709.39
1103.50
1568.10
1407.72
2196.57
1664.98
256.15
1647.58
682.72
879.38
1438.55
1257.23
1224.23
1873.54
2069.78
1819.99
725.60
404.38
1170.16
1542.42
1464.64
1293.13
753.49
2005.95
384.97
560.01
1807.46
1582.67
744.87
443.81
945.47
1184.45
1355.04
1291.40
1933.86
448.22
935.57
848.68
1261.25
1538.16
1819.39
1503.94
1916.28
1905.69
973.68
1927.78
1349.93
1683.05
1389.34
1283.70
1808.15
1017.39
1503.71
1574.76
1223.85
1537.41
1743.91
1902.61
1026.16
1524.63
1035.08
1213.10
1367.39
1547.19
1627.72
1222.02
1729.83
2266.17
1976.61
2150.65
441.75
1417.93
1197.83
2248.63
1204.19
1075.93
1493.32
926.42
1960.51
2007.37
1845.52
1695.80
1738.88
1318.98
2362.63
1596.84
564.92
1061.06
1068.12
855.93
1403.59
1188.09
1138.96
1589.08
1372.65
1892.87
1544.37
536.84
1151.40
1559.53
872.12
1454.59
1796.51
1272.15
557.55
805.83
1064.00
1133.66
1526.01
1311.37
1784.80
1607.98
651.31
1557.44
1268.60
1505.21
1184.21
1009.07
1602.48
1403.17
2012.12
2155.47
1960.89
1401.14
860.81
1548.24
1436.74
1074.45
1462.53
1548.95
759.93
1563.22
1858.72
1880.77
1516.36
776.66
1116.60
1107.73
662.78
1820.10
712.83
334.16
1028.44
630.53
1602.43
1132.71
1036.94
795.18
1265.33
1512.35
1230.98
891.87
1646.82
1542.03
1026.10
1807.06
1954.84
1407.30
1609.28
456.32
1073.39
1447.32
908.38
1258.90
1028.50
818.37
2001.79
1600.99
1205.03
782.82
2089.08
695.42
1990.23
1543.56
871.36
1253.46
1599.92
687.59
1054.57
458.38
1394.95
1545.18
2267.93
597.20
1965.89
728.16
1421.53
1275.68
1282.87
1963.74
1542.52
1548.43
1742.33
1065.24
965.39
1068.20
1907.22
1787.32
1443.97
1781.06
2266.92
1661.82
880.88
1219.87
1820.83
885.33
1312.02
1253.50
1404.78
1833.92
1400.65
1542.79
1826.07
1458.67
1911.50
1845.59
1784.18
925.43
602.77
1242.78
2177.00
455.32
1704.12
1008.27
1322.21
1650.05
1638.01
1890.20
1475.13
1537.47
1565.52
1230.93
1904.48
1479.10
2231.46
565.58
987.48
1297.43
1659.07
1377.64
1523.91
1980.18
1264.28
709.88
1343.99
1707.43
1622.18
389.32
1782.69
941.21
647.44
1785.47
1397.31
1546.12
670.17
1902.27
1794.29
2040.08
2059.88
1286.16
1433.58
1715.11
2088.31
1748.98
1144.51
895.31
1160.81
1202.47
832.10
1725.04
1666.02
938.33
2102.27
1670.59
1589.46
1460.38
1110.67
2020.32
1622.62
2128.69
685.54
1398.72
734.99
1421.95
1811.04
1823.98
1476.74
1933.55
1541.90
974.04
1258.65
1461.05
1790.23
1902.98
1370.29
993.03
751.44
1778.67
1527.79
1452.01
700.13
1172.88
1199.01
605.66
677.88
1094.41
462.33
1131.85
1111.88
1428.87
586.97
683.41
720.98
1796.88
630.01
597.42
1656.22
1603.19
1760.30
1739.05
1511.36
1687.11
1320.65
1422.18
1401.29
1060.21
1867.58
1574.02
1170.20
758.95
1453.35
1370.52
1294.19
669.07
1572.30
1862.14
1569.98
989.60
1354.93
1300.12
1853.22
2063.21
979.76
1240.21
2099.74
596.39
944.25
1025.88
1513.76
961.50
992.84
1873.36
1733.70
1903.18
1769.98
1481.01
1833.82
1377.64
2048.48
1675.57
1892.16
1404.17
812.85
1931.21
1405.07
1223.25
1516.39
1411.79
1769.78
1212.72
1389.77
705.69
1578.56
1808.10
587.06
547.70
1395.47
1318.17
1478.45
611.58
684.66
1536.64
1664.72
1731.73
1238.38
2284.60
2081.47
1932.04
1348.08
1319.38
1112.58
942.34
1347.60
1872.75
681.07
1400.07
512.92
1602.94
1946.17
1291.90
1556.09
1067.42
1572.00
1836.92
585.99
1050.67
1210.06
1779.38
1840.15
1173.47
821.35
1004.21
1608.83
207.19
773.50
1778.83
1425.00
919.57
1517.33
1703.64
686.06
763.89
1605.88
1822.87
1461.79
1743.98
2428.60
1312.09
1720.92
1704.99
1851.75
1714.88
1569.02
1418.46
2094.48
852.16
1653.55
887.11
1697.25
1609.82
898.15
1574.52
1622.35
1189.15
860.24
1448.38
2100.94
1359.52
1261.59
1091.41
1320.95
1358.79
1928.17
1829.90
572.92
254.42
814.66
1427.79
1846.21
1873.77
1478.37
1245.40
2232.96
2040.86
1892.56
712.06
1935.53
1645.51
1333.56
1950.59
2001.56
920.80
2079.47
1009.60
1174.44
1094.62
965.91
1369.36
1600.37
1620.28
995.22
1675.79
297.78
1938.54
1437.64
1368.40
639.17
872.00
1897.09
1685.35
1934.31
1374.85
2109.37
1131.01
834.35
1850.72
1644.80
980.84
678.64
922.25
1751.26
1916.06
1142.54
397.45
1581.28
489.58
927.00
2014.01
1485.56
1411.38
1087.64
1310.64
1681.68
1790.15
995.15
992.00
2104.86
1851.80
425.66
2394.86
1770.56
1975.92
2115.08
825.64
1073.02
604.87
1672.10
1882.41
938.50
1396.15
1985.68
561.47
774.82
863.99
1671.34
1557.68
1976.42
988.35
1611.91
1400.30
1456.19
1949.77
762.01
1899.55
1098.67
1319.90
979.85
1737.25
1816.77
1897.45
1854.84
862.42
1394.76
1145.12
1970.16
1671.51
1359.66
1617.14
1020.54
533.73
1317.18
963.09
1033.98
1190.42
1828.29
1055.02
1377.70
1071.92
1507.51
1261.43
1642.11
1838.95
1558.20
1864.83
1610.27
1848.03
1425.51
1461.94
1257.04
2028.25
1701.56
1176.39
1281.80
1878.88
1677.17
1476.14
1512.72
1740.13
1261.59
1327.07
1429.68
1990.32
904.05
1300.12
919.08
1959.24
1783.45
520.88
1446.27
2199.93
2290.88
994.88
1050.19
756.22
1015.99
2083.03
1546.04
1451.23
1213.09
769.62
1028.88
1593.93
891.44
1795.19
1290.76
351.07
1131.22
1573.45
2000.30
1453.01
1542.22
2196.93
759.33
1317.78
1634.33
1643.58
1190.55
1482.04
1135.43
1564.27
1443.43
1601.52
1518.98
1249.19
854.81
653.56
1542.25
658.42
1873.31
883.69
996.84
1605.92
1490.82
1369.37
1076.86
2027.66
810.84
2198.02
1025.59
769.91
1570.46
1083.23
1536.87
2130.45
1155.34
2087.32
2083.19
1877.25
922.31
415.97
953.70
1243.20
1689.47
735.96
1911.26
2094.29
1034.84
1732.39
704.38
443.38
1379.75
1063.65
159.98
718.65
1567.18
1778.76
1792.28
2107.55
1449.68
1800.78
1950.71
1355.07
1436.22
1632.38
941.19
1104.77
1513.70
2050.80
1607.28
1842.82
1004.15
1827.55
1410.60
1161.74
1143.23
699.59
2401.72
933.05
1650.61
2221.15
734.55
1869.55
151.60
2326.18
765.01
1921.66
1697.62
784.65
1865.04
2301.84
1277.65
1420.75
649.14
1475.84
1760.91
1189.19
995.46
2192.40
729.92
1789.27
1541.25
1469.37
262.26
2002.08
459.72
296.94
1689.11
1081.35
1927.75
1458.94
1761.97
2126.66
1391.05
1182.71
1599.73
1262.10
1194.28
1802.99
599.88
1538.42
916.96
1237.50
1578.52
2002.34
1819.02
824.23
1339.22
1265.92
1882.85
890.61
662.43
1094.10
1442.33
897.05
1029.78
1616.39
1241.94
1858.80
923.95
1804.35
798.92
2075.50
1949.38
1819.94
945.72
1259.37
949.32
2079.73
1544.33
626.37
1743.01
986.93
1182.32
593.70
986.04
488.60
1884.89
2142.07
1692.20
1655.38
1236.93
610.78
1439.81
1819.24
1214.05
429.22
1293.77
1388.32
581.26
1082.44
777.03
988.64
1078.68
1817.60
1004.30
553.36
663.85
2435.06
1568.09
1894.83
2189.18
858.44
1269.60
2209.07
1113.73
1228.65
1127.45
1609.74
1285.46
1692.40
983.63
1883.21
1864.03
1439.82
858.65
2080.27
1760.28
1410.20
1883.43
1285.50
1413.15
1824.61
1516.22
1058.25
1629.97
1883.24
975.04
555.79
1217.52
905.62
1003.92
223.01
1272.82
2044.50
1768.65
1309.85
1382.78
1685.43
1775.30
1376.40
901.36
1323.92
618.64
1937.29
1730.84
1167.63
1570.34
733.33
1850.15
1938.66
1576.07
768.39
1288.66
1525.67
2193.12
1431.07
1084.44
1189.52
1027.96
1154.40
2357.63
1449.15
1897.35
1476.84
1215.92
1994.85
1151.33
1655.17
1396.29
1482.28
878.87
1345.38
1181.54
1587.64
1477.03
1298.58
1627.55
1444.80
1010.77
937.26
1849.48
1901.47
1456.03
1234.81
1630.83
1472.04
1034.32
1815.69
531.34
1952.07
833.92
1312.73
656.96
1619.43
673.93
388.85
364.69
1960.15
1757.58
673.72
1153.67
2209.18
1940.38
1214.56
2228.51
1292.78
1626.02
1383.85
1357.63
2182.68
1277.90
669.30
1974.73
1364.83
1431.39
1686.52
2250.05
1428.51
1590.28
1776.68
1451.44
1264.43
1386.98
1080.13
1394.51
1273.89
2312.60
1489.99
1302.14
1645.82
2013.66
1165.66
2362.17
1308.76
1424.46
997.98
1426.51
2036.99
632.93
1513.04
845.31
2401.36
1802.99
1083.75
1886.05
1831.49
1811.14
1612.17
1259.54
1191.82
1751.73
453.14
2317.61
2075.81
2437.13
1685.75
1747.53
1645.89
1560.99
2180.63
222.78
1909.47
1238.75
640.00
2114.28
1855.54
1258.72
1781.43
1932.36
1549.45
1128.57
1456.62
1739.37
1604.62
876.94
1703.05
1059.19
1084.68
680.21
729.46
451.20
1544.24
588.49
1419.88
842.29
1604.55
1832.85
1925.22
1592.91
2113.01
1529.81
1187.27
1658.93
2126.94
531.84
580.48
1268.21
1653.81
1845.61
1659.82
1879.62
697.33
467.23
1959.65
847.89
1871.97
1031.09
2223.40
1577.20
1662.03
1247.62
1561.61
1161.35
1719.80
2405.05
1358.26
1927.00
1085.58
1425.35
1609.18
1414.32
2225.05
1454.40
1502.07
811.54
2078.19
957.70
854.07
1257.73
1115.61
1364.78
1156.10
1276.88
1619.03
1872.28
1496.87
1617.83
1315.88
1185.65
1267.27
579.11
1511.02
1336.53
2438.46
2229.19
591.24
638.57
1481.78
2281.17
604.87
2137.51
840.30
1225.90
886.61
774.15
2192.21
1601.74
499.01
1805.46
1776.49
1338.65
1061.04
719.07
1726.82
1554.69
2312.76
1467.25
1478.05
1844.05
1466.63
1988.83
1895.84
1616.36
1988.05
312.68
1730.58
1276.14
1942.41
525.98
686.90
2135.31
1937.14
1670.11
1290.82
1238.33
2116.61
1923.57
1347.87
1591.62
1584.57
1071.36
1761.63
1700.68
1415.88
1459.97
730.94
896.48
1691.38
2043.59
1503.26
1943.34
2145.98
2424.36
1510.16
1431.36
870.74
1013.11
1372.79
851.70
1403.39
1294.16
1971.37
742.17
1828.84
1518.48
1741.12
1655.48
1108.01
1741.53
376.59
479.54
667.50
1098.90
1085.13
1943.10
1612.83
2058.48
1349.06
1657.38
1226.03
419.46
918.60
1823.17
1476.83
1815.23
769.65
847.59
1371.83
728.66
1257.03
1330.27
800.91
1325.30
1434.25
1901.30
885.64
942.03
611.19
721.98
1815.31
1533.88
1833.08
1147.64
1748.65
1363.75
1773.15
2371.99
1184.03
1891.08
1767.65
1641.11
961.57
1102.56
1659.66
311.59
2155.73
1979.91
1275.64
1504.81
1144.29
1509.72
741.44
1446.46
1659.53
1264.70
792.55
1730.59
1733.74
1800.51
552.56
1503.37
1921.11
638.09
1685.40
1847.10
1024.43
996.14
1843.73
1667.88
945.33
1806.77
1169.95
627.88
1015.54
1987.95
1129.75
1037.38
2247.21
1337.09
1043.58
1909.91
1880.82
930.84
708.35
1536.41
935.63
825.63
1652.46
902.86
340.72
1653.66
442.56
1705.88
879.66
1473.71
1738.37
1805.50
1504.20
1440.72
407.63
1189.73
1522.01
2061.87
1182.46
1682.14
1822.90
1630.03
1113.51
1362.31
1290.63
1504.36
377.29
2158.77
1181.16
899.17
760.42
711.34
2272.15
1199.61
907.37
2024.18
2140.42
1223.43
1781.02
1458.78
1006.60
1730.68
1282.39
1705.57
1797.59
1474.86
2038.04
1416.07
1525.42
943.18
1287.89
1702.24
1844.68
1678.23
975.53
1959.08
980.43
1465.91
1614.50
1287.29
1659.18
655.26
1176.20
1149.99
2340.62
1080.92
1752.81
1626.25
1499.30
2165.03
877.93
982.16
1281.18
1523.50
1732.86
895.54
1034.75
1324.75
1176.50
2025.76
1623.46
699.94
857.64
600.92
1346.88
2266.16
1595.03
629.54
2268.68
1666.45
1753.77
2356.84
1885.72
1704.50
1718.50
1461.04
632.43
578.27
1512.14
2080.50
1665.46
1449.31
2169.30
1439.11
2010.00
1491.63
1417.06
990.84
1591.89
1544.93
1560.09
719.13
1675.66
1601.00
1328.74
2397.33
978.09
2107.56
2118.09
962.29
854.74
1287.68
1874.53
1732.92
1629.81
898.11
2059.85
1728.43
1919.47
1537.13
1564.85
2348.55
459.83
557.19
1507.19
966.26
1647.95
1435.76
2095.24
613.16
1275.22
1636.13
650.17
1751.42
1603.19
1261.43
633.13
1646.81
1643.33
1236.47
1316.36
2091.55
1299.04
1452.52
1091.59
1249.17
1576.92
1768.41
1360.40
405.63
808.55
1320.29
1019.62
1574.48
1755.13
1402.24
2188.84
2057.22
1943.60
1706.66
1655.15
1508.80
1908.37
1650.22
1742.53
2218.67
2313.19
1756.43
1954.90
1417.41
1648.29
1904.66
1462.33
866.16
1986.20
1771.14
1766.53
961.31
1531.16
2211.62
1751.76
1905.86
1528.85
2010.72
910.20
1593.44
640.24
1004.80
1702.13
838.30
1058.30
1769.51
1997.77
2079.81
1583.70
1607.97
977.04
1407.74
2372.77
1819.33
1318.73
1924.81
1220.61
1351.99
1607.00
1241.16
1331.40
1585.80
1615.21
2174.95
2028.68
2043.03
1498.52
912.02
2206.17
1151.68
1626.79
1142.17
1599.73
643.10
1061.91
700.24
1284.80
1038.77
1727.30
794.26
1567.59
1822.39
1574.19
2209.61
1909.91
415.10
1124.61
547.31
1318.05
2096.01
917.72
1849.11
1881.25
525.70
1258.99
2336.36
2188.39
1471.02
1543.89
545.28
817.46
1212.85
1383.84
1376.65
1320.57
1671.37
1400.98
1245.18
1647.10
794.43
1501.54
1782.53
2095.08
1915.40
2025.85
1442.04
1040.73
871.44
1586.31
783.40
1249.04
1320.81
1814.80
926.40
1931.23
1995.09
857.71
1841.24
856.94
1457.28
1537.17
1351.53
2033.67
1808.76
1743.17
1400.50
1464.81
1435.91
1105.20
1498.76
1410.60
1825.92
1469.82
1072.87
826.76
1500.79
1003.61
1923.26
704.26
679.25
1518.34
1123.13
973.90
648.63
1504.55
996.27
654.55
705.20
409.77
846.18
2047.32
672.37
1709.16
1886.20
1705.72
1889.43
1877.92
1919.75
919.83
1349.22
2124.20
1294.02
1875.77
848.13
1621.39
1689.72
877.41
1077.55
1078.31
1692.42
1349.92
1710.20
1253.97
1976.30
715.59
567.12
1142.58
1896.79
1115.06
1055.81
981.83
976.37
1454.44
659.62
905.66
359.97
1405.93
1390.04
1127.66
2123.09
976.49
1883.54
1182.06
1775.57
1920.08
1675.96
1279.99
1886.67
1565.87
1841.61
769.09
1424.41
896.20
1810.26
688.49
1293.61
1594.50
1333.82
2090.69
1195.25
1107.10
1612.20
1767.57
2448.04
1777.13
1515.22
1927.59
1452.23
764.48
1707.11
1429.41
2107.18
503.22
267.94
